{
 "cells": [
  {
   "cell_type": "code",
   "execution_count": 1,
   "id": "8296974c-4461-4ad4-bf35-0b4076f66837",
   "metadata": {},
   "outputs": [],
   "source": [
    "import numpy as np"
   ]
  },
  {
   "cell_type": "code",
   "execution_count": 12,
   "id": "df060405-9240-4167-9487-35f406c32c0b",
   "metadata": {},
   "outputs": [
    {
     "data": {
      "text/plain": [
       "(array([[ 2, -6, 10],\n",
       "        [-2,  4,  5],\n",
       "        [10, -7,  5]]),\n",
       " array([[  3,   6,   7],\n",
       "        [ -5,  -1,  -7],\n",
       "        [-10,  -5, -10]]),\n",
       " array([[ 7,  8, -6],\n",
       "        [-8,  6, -7],\n",
       "        [-8,  0,  3]]))"
      ]
     },
     "execution_count": 12,
     "metadata": {},
     "output_type": "execute_result"
    }
   ],
   "source": [
    "# np.random.seed(0)  # optional, for reproducibility\n",
    "\n",
    "A1 = np.random.randint(-10, 11, size=(3, 3))\n",
    "A2 = np.random.randint(-10, 11, size=(3, 3))\n",
    "A3 = np.random.randint(-10, 11, size=(3, 3))\n",
    "\n",
    "A1, A2, A3"
   ]
  },
  {
   "cell_type": "code",
   "execution_count": 3,
   "id": "88ef5271-e73f-4627-b772-81f011367b1b",
   "metadata": {},
   "outputs": [
    {
     "data": {
      "text/plain": [
       "np.float64(936.9999999999999)"
      ]
     },
     "execution_count": 3,
     "metadata": {},
     "output_type": "execute_result"
    }
   ],
   "source": [
    "np.linalg.det(A1)"
   ]
  },
  {
   "cell_type": "code",
   "execution_count": 4,
   "id": "690e8900-da7d-4b7c-878a-707d7d652eb0",
   "metadata": {},
   "outputs": [
    {
     "data": {
      "text/plain": [
       "array([[-0.03094984, -0.13874066, -0.09071505],\n",
       "       [ 0.06296692,  0.00640342,  0.08110993],\n",
       "       [-0.07470651, -0.02454642,  0.02241195]])"
      ]
     },
     "execution_count": 4,
     "metadata": {},
     "output_type": "execute_result"
    }
   ],
   "source": [
    "A1_inv = np.linalg.inv(A1)\n",
    "A1_inv"
   ]
  },
  {
   "cell_type": "code",
   "execution_count": 5,
   "id": "3535abff-803a-4adc-a2a7-3aef1a74c09d",
   "metadata": {},
   "outputs": [
    {
     "data": {
      "text/plain": [
       "array([[-0.36607143,  0.05357143, -0.17857143],\n",
       "       [ 0.50892857, -0.19642857,  0.32142857],\n",
       "       [ 0.41964286, -0.23214286,  0.10714286]])"
      ]
     },
     "execution_count": 5,
     "metadata": {},
     "output_type": "execute_result"
    }
   ],
   "source": [
    "A2_inv = np.linalg.inv(A2)\n",
    "A2_inv"
   ]
  },
  {
   "cell_type": "code",
   "execution_count": 6,
   "id": "ac64bba4-b9f9-47c4-ba02-18ccf2835d9d",
   "metadata": {},
   "outputs": [
    {
     "data": {
      "text/plain": [
       "array([[ 0.21551724,  0.04310345, -0.00862069],\n",
       "       [ 0.01149425,  0.06896552, -0.08045977],\n",
       "       [-0.37643678, -0.00862069,  0.13505747]])"
      ]
     },
     "execution_count": 6,
     "metadata": {},
     "output_type": "execute_result"
    }
   ],
   "source": [
    "A3_inv = np.linalg.inv(A3)\n",
    "A3_inv"
   ]
  },
  {
   "cell_type": "code",
   "execution_count": 7,
   "id": "bee78ddb-3c9f-4da0-a1b3-aa0506fb9e9e",
   "metadata": {},
   "outputs": [
    {
     "data": {
      "text/plain": [
       "array([[ 1.00000000e+00,  3.46944695e-17,  3.46944695e-17],\n",
       "       [-2.77555756e-17,  1.00000000e+00, -1.42247325e-16],\n",
       "       [ 1.11022302e-16,  1.38777878e-17,  1.00000000e+00]])"
      ]
     },
     "execution_count": 7,
     "metadata": {},
     "output_type": "execute_result"
    }
   ],
   "source": [
    "A1 @ A1_inv"
   ]
  },
  {
   "cell_type": "code",
   "execution_count": 8,
   "id": "6eb2482d-7304-4e5d-a1c7-7263ad399c3d",
   "metadata": {},
   "outputs": [
    {
     "data": {
      "text/plain": [
       "array([[ 1.00000000e+00,  5.55111512e-17, -8.32667268e-17],\n",
       "       [-2.77555756e-16,  1.00000000e+00, -9.71445147e-17],\n",
       "       [ 0.00000000e+00,  0.00000000e+00,  1.00000000e+00]])"
      ]
     },
     "execution_count": 8,
     "metadata": {},
     "output_type": "execute_result"
    }
   ],
   "source": [
    "A2 @ A2_inv"
   ]
  },
  {
   "cell_type": "code",
   "execution_count": 9,
   "id": "4bf75fbe-b02d-4fb0-ade8-1b84129d27b4",
   "metadata": {},
   "outputs": [
    {
     "data": {
      "text/plain": [
       "array([[ 1.00000000e+00,  3.46944695e-18, -2.77555756e-17],\n",
       "       [-3.33066907e-16,  1.00000000e+00,  0.00000000e+00],\n",
       "       [-2.98372438e-16,  5.55111512e-17,  1.00000000e+00]])"
      ]
     },
     "execution_count": 9,
     "metadata": {},
     "output_type": "execute_result"
    }
   ],
   "source": [
    "A3 @ A3_inv"
   ]
  }
 ],
 "metadata": {
  "kernelspec": {
   "display_name": "Python 3 (ipykernel)",
   "language": "python",
   "name": "python3"
  },
  "language_info": {
   "codemirror_mode": {
    "name": "ipython",
    "version": 3
   },
   "file_extension": ".py",
   "mimetype": "text/x-python",
   "name": "python",
   "nbconvert_exporter": "python",
   "pygments_lexer": "ipython3",
   "version": "3.12.2"
  }
 },
 "nbformat": 4,
 "nbformat_minor": 5
}
