{
  "metadata": {
    "kernelspec": {
      "name": "xpython",
      "display_name": "Python 3.13 (XPython)",
      "language": "python"
    },
    "language_info": {
      "file_extension": ".py",
      "mimetype": "text/x-python",
      "name": "python",
      "version": "3.13.1"
    }
  },
  "nbformat_minor": 5,
  "nbformat": 4,
  "cells": [
    {
      "id": "88a47219-114d-4d75-9e63-b26bbbcc6137",
      "cell_type": "markdown",
      "source": "# Homework 1 – Problem 4, Part 2\nCompute inverses of random 3×3 matrices using a numerical linear algebra package\nand verify the result by multiplication.",
      "metadata": {}
    },
    {
      "id": "8296974c-4461-4ad4-bf35-0b4076f66837",
      "cell_type": "code",
      "source": "import numpy as np",
      "metadata": {
        "trusted": true
      },
      "outputs": [],
      "execution_count": 1
    },
    {
      "id": "df060405-9240-4167-9487-35f406c32c0b",
      "cell_type": "code",
      "source": "np.random.seed(0)  # optional, for reproducibility\n\nA1 = np.random.randint(-10, 11, size=(3, 3))\nA2 = np.random.randint(-10, 11, size=(3, 3))\nA3 = np.random.randint(-10, 11, size=(3, 3))\n\nA1, A2, A3",
      "metadata": {
        "trusted": true
      },
      "outputs": [
        {
          "execution_count": 2,
          "output_type": "execute_result",
          "data": {
            "text/plain": "(array([[  2,   5, -10],\n        [ -7,  -7,  -3],\n        [ -1,   9,   8]]),\n array([[-6, -4,  2],\n        [-9, -4, -3],\n        [ 4,  7, -5]]),\n array([[ 3, -2, -1],\n        [10,  9,  6],\n        [ 9, -5,  5]]))"
          },
          "metadata": {}
        }
      ],
      "execution_count": 2
    },
    {
      "id": "88ef5271-e73f-4627-b772-81f011367b1b",
      "cell_type": "code",
      "source": "np.linalg.det(A1)",
      "metadata": {
        "trusted": true
      },
      "outputs": [
        {
          "execution_count": 3,
          "output_type": "execute_result",
          "data": {
            "text/plain": "np.float64(936.9999999999999)"
          },
          "metadata": {}
        }
      ],
      "execution_count": 3
    },
    {
      "id": "690e8900-da7d-4b7c-878a-707d7d652eb0",
      "cell_type": "code",
      "source": "A1_inv = np.linalg.inv(A1)\nA1_inv",
      "metadata": {
        "trusted": true
      },
      "outputs": [
        {
          "execution_count": 4,
          "output_type": "execute_result",
          "data": {
            "text/plain": "array([[-0.03094984, -0.13874066, -0.09071505],\n       [ 0.06296692,  0.00640342,  0.08110993],\n       [-0.07470651, -0.02454642,  0.02241195]])"
          },
          "metadata": {}
        }
      ],
      "execution_count": 4
    },
    {
      "id": "3535abff-803a-4adc-a2a7-3aef1a74c09d",
      "cell_type": "code",
      "source": "A2_inv = np.linalg.inv(A2)\nA2_inv",
      "metadata": {
        "trusted": true
      },
      "outputs": [
        {
          "execution_count": 5,
          "output_type": "execute_result",
          "data": {
            "text/plain": "array([[-0.36607143,  0.05357143, -0.17857143],\n       [ 0.50892857, -0.19642857,  0.32142857],\n       [ 0.41964286, -0.23214286,  0.10714286]])"
          },
          "metadata": {}
        }
      ],
      "execution_count": 5
    },
    {
      "id": "ac64bba4-b9f9-47c4-ba02-18ccf2835d9d",
      "cell_type": "code",
      "source": "A3_inv = np.linalg.inv(A3)\nA3_inv",
      "metadata": {
        "trusted": true
      },
      "outputs": [
        {
          "execution_count": 6,
          "output_type": "execute_result",
          "data": {
            "text/plain": "array([[ 0.21551724,  0.04310345, -0.00862069],\n       [ 0.01149425,  0.06896552, -0.08045977],\n       [-0.37643678, -0.00862069,  0.13505747]])"
          },
          "metadata": {}
        }
      ],
      "execution_count": 6
    },
    {
      "id": "bee78ddb-3c9f-4da0-a1b3-aa0506fb9e9e",
      "cell_type": "code",
      "source": "A1 @ A1_inv",
      "metadata": {
        "trusted": true
      },
      "outputs": [
        {
          "execution_count": 7,
          "output_type": "execute_result",
          "data": {
            "text/plain": "array([[ 1.00000000e+00,  2.77555756e-17, -5.55111512e-17],\n       [ 0.00000000e+00,  1.00000000e+00,  2.77555756e-17],\n       [-1.11022302e-16,  0.00000000e+00,  1.00000000e+00]])"
          },
          "metadata": {}
        }
      ],
      "execution_count": 7
    },
    {
      "id": "6eb2482d-7304-4e5d-a1c7-7263ad399c3d",
      "cell_type": "code",
      "source": "A2 @ A2_inv",
      "metadata": {
        "trusted": true
      },
      "outputs": [
        {
          "execution_count": 8,
          "output_type": "execute_result",
          "data": {
            "text/plain": "array([[ 1.00000000e+00,  0.00000000e+00, -8.32667268e-17],\n       [-2.22044605e-16,  1.00000000e+00, -1.11022302e-16],\n       [ 0.00000000e+00,  0.00000000e+00,  1.00000000e+00]])"
          },
          "metadata": {}
        }
      ],
      "execution_count": 8
    },
    {
      "id": "4bf75fbe-b02d-4fb0-ade8-1b84129d27b4",
      "cell_type": "code",
      "source": "A3 @ A3_inv",
      "metadata": {
        "trusted": true
      },
      "outputs": [
        {
          "execution_count": 9,
          "output_type": "execute_result",
          "data": {
            "text/plain": "array([[ 1.00000000e+00, -2.42861287e-17, -2.77555756e-17],\n       [ 0.00000000e+00,  1.00000000e+00,  0.00000000e+00],\n       [ 0.00000000e+00, -4.16333634e-17,  1.00000000e+00]])"
          },
          "metadata": {}
        }
      ],
      "execution_count": 9
    }
  ]
}